101 1466.7    3.8 2653.0
102 1464.9   68.2 2653.0
103 1594.0 -205.2 2653.0
104 1592.5  194.8 2656.0
105    0.0    0.0    0.0
106 1742.4   69.8 2657.0
107 1892.7 -202.3 2659.0
108 1903.0  152.5 2659.0
109 2226.7   -5.8 2668.0
110 2042.6  -81.1 2663.0
111 2042.6   68.3 2664.0
112 2193.8 -222.3 2668.0
113 2197.6  188.7 2667.0
114 2347.4  -81.1 2673.0
115 2348.9   68.5 2671.0
116 2498.2  192.2 2674.0
117 2495.7 -206.3 2684.0
118 2507.7   -6.4 2677.0
119 2646.1  -82.0 2687.0
120 2646.5   67.8 2680.0
121 1319.0 -243.0 2646.8
122 1299.7  187.1 2646.0
123    0.0    0.0    0.0
124    0.0    0.0    0.0
125  983.6  170.4 2647.0
126    0.0    0.0    0.0
127    0.0    0.0    0.0
128    0.0    0.0    0.0
129  699.1  194.5 2643.0
130  699.4 -205.8 2643.0
131    0.0    0.0    0.0
132  548.7  -79.9 2640.0
133  479.9  165.6 2639.5
134    0.0    0.0    0.0
135    0.0    0.0    0.0
136  304.0 -112.0 2636.0
137    0.0    0.0    0.0
138  224.6  -45.3 2634.0
